50.63251256942749 Test loss (%)
86.94196343421936 Test accuracy (%)

84.99856721377277 Kappa accuracy (%)
86.94196428571429 Overall accuracy (%)
64.20153663930923 Average accuracy (%)

                              precision    recall  f1-score   support

                     Alfalfa       0.75      0.33      0.46         9
                 Corn-notill       0.85      0.89      0.87       249
                Corn-mintill       0.79      0.77      0.78       150
                        Corn       0.91      0.82      0.86        38
               Grass-pasture       0.96      0.53      0.68        83
                 Grass-trees       0.83      0.97      0.89       125
         Grass-pasture-mowed       0.00      0.00      0.00         6
               Hay-windrowed       0.84      1.00      0.91        78
                        Oats       0.00      0.00      0.00         3
              Soybean-notill       0.83      0.98      0.90       166
             Soybean-mintill       0.90      0.95      0.93       438
               Soybean-clean       0.87      0.78      0.82       102
                       Wheat       0.89      0.42      0.57        38
                       Woods       0.95      0.95      0.95       221
Buildings-Grass-Trees-Drives       0.77      0.81      0.79        70
          Stone-Steel-Towers       1.00      0.06      0.12        16

                    accuracy                           0.87      1792
                   macro avg       0.76      0.64      0.66      1792
                weighted avg       0.87      0.87      0.86      1792

[[  3   2   0   1   0   3   0   0   0   0   0   0   0   0   0   0]
 [  1 221   4   0   0   6   0   0   0   2   9   5   1   0   0   0]
 [  0  14 116   0   0   3   0   0   0   6  10   0   0   0   1   0]
 [  0   5   0  31   0   0   0   0   0   0   0   2   0   0   0   0]
 [  0   0  12   0  44   2   0   0   0   9   7   0   1   0   8   0]
 [  0   1   0   0   0 121   0   0   0   0   3   0   0   0   0   0]
 [  0   0   0   0   2   0   0   0   0   1   0   0   0   2   1   0]
 [  0   0   0   0   0   0   0  78   0   0   0   0   0   0   0   0]
 [  0   0   0   0   0   3   0   0   0   0   0   0   0   0   0   0]
 [  0   0   0   0   0   0   0   0   0 163   3   0   0   0   0   0]
 [  0   5   0   0   0   3   0   2   0   3 418   0   0   7   0   0]
 [  0   5   3   2   0   2   0   3   0   1   1  80   0   1   4   0]
 [  0   0  11   0   0   0   0   0   0   0  11   0  16   0   0   0]
 [  0   4   0   0   0   3   0   0   0   2   0   0   0 209   3   0]
 [  0   3   0   0   0   0   0   0   0  10   0   0   0   0  57   0]
 [  0   0   0   0   0   0   0  10   0   0   0   5   0   0   0   1]]