54.82582449913025 Test loss (%)
83.48214030265808 Test accuracy (%)

80.9122144381894 Kappa accuracy (%)
83.48214285714286 Overall accuracy (%)
57.13599038452859 Average accuracy (%)

                              precision    recall  f1-score   support

                     Alfalfa       0.00      0.00      0.00         9
                 Corn-notill       0.75      0.84      0.79       249
                Corn-mintill       0.79      0.78      0.78       150
                        Corn       1.00      0.03      0.05        38
               Grass-pasture       1.00      0.60      0.75        83
                 Grass-trees       0.90      0.98      0.93       125
         Grass-pasture-mowed       0.00      0.00      0.00         6
               Hay-windrowed       0.81      1.00      0.90        78
                        Oats       0.00      0.00      0.00         3
              Soybean-notill       0.85      0.89      0.87       166
             Soybean-mintill       0.84      0.95      0.89       438
               Soybean-clean       0.70      0.56      0.62       102
                       Wheat       0.91      0.84      0.88        38
                       Woods       0.93      0.97      0.95       221
Buildings-Grass-Trees-Drives       0.78      0.70      0.74        70
          Stone-Steel-Towers       0.00      0.00      0.00        16

                    accuracy                           0.83      1792
                   macro avg       0.64      0.57      0.57      1792
                weighted avg       0.82      0.83      0.82      1792

[[  0   1   0   0   0   1   0   7   0   0   0   0   0   0   0   0]
 [  0 210   4   0   0   0   0   0   0   8  24   3   0   0   0   0]
 [  0  14 117   0   0   0   0   0   0   5  10   0   0   0   4   0]
 [  0  26   8   1   0   0   0   0   0   0   3   0   0   0   0   0]
 [  0   0   5   0  50   9   0   4   0   5   7   0   3   0   0   0]
 [  0   0   0   0   0 122   0   0   0   0   0   0   0   3   0   0]
 [  0   0   0   0   0   2   0   4   0   0   0   0   0   0   0   0]
 [  0   0   0   0   0   0   0  78   0   0   0   0   0   0   0   0]
 [  0   0   3   0   0   0   0   0   0   0   0   0   0   0   0   0]
 [  0   1   0   0   0   0   0   0   0 147  16   1   0   0   1   0]
 [  0   3   0   0   0   0   0   3   0   4 418   2   0   3   5   0]
 [  0  20   6   0   0   2   0   0   0   1  11  57   0   2   3   0]
 [  0   0   6   0   0   0   0   0   0   0   0   0  32   0   0   0]
 [  0   1   0   0   0   0   0   0   0   1   3   0   0 215   1   0]
 [  0   4   0   0   0   0   0   0   0   1   5   9   0   2  49   0]
 [  0   0   0   0   0   0   0   0   0   0   1  10   0   5   0   0]]