51.849520206451416 Test loss (%)
86.99776530265808 Test accuracy (%)

85.10060063489163 Kappa accuracy (%)
86.99776785714286 Overall accuracy (%)
67.23601512075784 Average accuracy (%)

                              precision    recall  f1-score   support

                     Alfalfa       0.75      0.33      0.46         9
                 Corn-notill       0.79      0.90      0.84       249
                Corn-mintill       0.90      0.83      0.87       150
                        Corn       1.00      0.47      0.64        38
               Grass-pasture       1.00      0.69      0.81        83
                 Grass-trees       0.87      1.00      0.93       125
         Grass-pasture-mowed       0.00      0.00      0.00         6
               Hay-windrowed       0.95      1.00      0.97        78
                        Oats       0.00      0.00      0.00         3
              Soybean-notill       0.87      0.90      0.89       166
             Soybean-mintill       0.90      0.90      0.90       438
               Soybean-clean       0.55      0.69      0.61       102
                       Wheat       0.97      0.97      0.97        38
                       Woods       0.96      0.98      0.97       221
Buildings-Grass-Trees-Drives       0.89      0.84      0.87        70
          Stone-Steel-Towers       1.00      0.25      0.40        16

                    accuracy                           0.87      1792
                   macro avg       0.78      0.67      0.70      1792
                weighted avg       0.88      0.87      0.87      1792

[[  3   0   0   0   0   4   0   0   0   0   2   0   0   0   0   0]
 [  1 224   1   0   0   0   0   0   0   4   9  10   0   0   0   0]
 [  0  11 125   0   0   0   0   0   0   6   7   1   0   0   0   0]
 [  0  16   0  18   0   0   0   0   0   0   4   0   0   0   0   0]
 [  0   1   4   0  57  12   0   1   0   4   0   3   1   0   0   0]
 [  0   0   0   0   0 125   0   0   0   0   0   0   0   0   0   0]
 [  0   1   0   0   0   2   0   2   0   1   0   0   0   0   0   0]
 [  0   0   0   0   0   0   0  78   0   0   0   0   0   0   0   0]
 [  0   0   3   0   0   0   0   0   0   0   0   0   0   0   0   0]
 [  0   6   0   0   0   0   0   0   0 150  10   0   0   0   0   0]
 [  0   4   0   0   0   0   0   1   0   6 393  23   0   6   5   0]
 [  0  18   5   0   0   0   0   0   0   0   9  70   0   0   0   0]
 [  0   0   1   0   0   0   0   0   0   0   0   0  37   0   0   0]
 [  0   0   0   0   0   0   0   0   0   1   0   2   0 216   2   0]
 [  0   0   0   0   0   0   0   0   0   0   2   7   0   2  59   0]
 [  0   1   0   0   0   0   0   0   0   0   0  11   0   0   0   4]]