30.368894338607788 Test loss (%)
94.02901530265808 Test accuracy (%)

93.18182222258571 Kappa accuracy (%)
94.02901785714286 Overall accuracy (%)
88.2427911854418 Average accuracy (%)

                              precision    recall  f1-score   support

                     Alfalfa       0.88      0.78      0.82         9
                 Corn-notill       0.86      0.96      0.91       249
                Corn-mintill       0.99      0.92      0.96       150
                        Corn       0.90      0.97      0.94        38
               Grass-pasture       0.97      0.83      0.90        83
                 Grass-trees       0.98      1.00      0.99       125
         Grass-pasture-mowed       1.00      0.50      0.67         6
               Hay-windrowed       1.00      1.00      1.00        78
                        Oats       0.43      1.00      0.60         3
              Soybean-notill       0.92      0.99      0.95       166
             Soybean-mintill       0.99      0.95      0.97       438
               Soybean-clean       0.85      0.83      0.84       102
                       Wheat       1.00      0.95      0.97        38
                       Woods       0.96      0.96      0.96       221
Buildings-Grass-Trees-Drives       0.89      0.91      0.90        70
          Stone-Steel-Towers       0.82      0.56      0.67        16

                    accuracy                           0.94      1792
                   macro avg       0.90      0.88      0.88      1792
                weighted avg       0.94      0.94      0.94      1792

[[  7   0   0   0   0   2   0   0   0   0   0   0   0   0   0   0]
 [  1 240   0   0   0   0   0   0   0   2   0   6   0   0   0   0]
 [  0   6 138   1   0   0   0   0   1   3   1   0   0   0   0   0]
 [  0   1   0  37   0   0   0   0   0   0   0   0   0   0   0   0]
 [  0   7   0   1  69   0   0   0   0   5   1   0   0   0   0   0]
 [  0   0   0   0   0 125   0   0   0   0   0   0   0   0   0   0]
 [  0   1   0   0   1   1   3   0   0   0   0   0   0   0   0   0]
 [  0   0   0   0   0   0   0  78   0   0   0   0   0   0   0   0]
 [  0   0   0   0   0   0   0   0   3   0   0   0   0   0   0   0]
 [  0   1   0   0   0   0   0   0   0 164   1   0   0   0   0   0]
 [  0   6   0   0   0   0   0   0   0   5 415   2   0   7   3   0]
 [  0   9   0   2   0   0   0   0   3   0   0  85   0   0   1   2]
 [  0   0   1   0   1   0   0   0   0   0   0   0  36   0   0   0]
 [  0   4   0   0   0   0   0   0   0   0   1   0   0 212   4   0]
 [  0   3   0   0   0   0   0   0   0   0   1   0   0   2  64   0]
 [  0   0   0   0   0   0   0   0   0   0   0   7   0   0   0   9]]