33.30453038215637 Test loss (%)
89.78794813156128 Test accuracy (%)

88.29625531990828 Kappa accuracy (%)
89.78794642857143 Overall accuracy (%)
76.46379422968337 Average accuracy (%)

                              precision    recall  f1-score   support

                     Alfalfa       0.86      0.67      0.75         9
                 Corn-notill       0.85      0.82      0.84       249
                Corn-mintill       0.83      0.91      0.87       150
                        Corn       0.96      0.66      0.78        38
               Grass-pasture       0.98      0.69      0.81        83
                 Grass-trees       0.98      1.00      0.99       125
         Grass-pasture-mowed       1.00      0.33      0.50         6
               Hay-windrowed       0.90      1.00      0.95        78
                        Oats       0.00      0.00      0.00         3
              Soybean-notill       0.88      0.96      0.92       166
             Soybean-mintill       0.91      0.96      0.93       438
               Soybean-clean       0.80      0.71      0.75       102
                       Wheat       1.00      0.97      0.99        38
                       Woods       0.98      0.96      0.97       221
Buildings-Grass-Trees-Drives       0.80      0.91      0.85        70
          Stone-Steel-Towers       0.79      0.69      0.73        16

                    accuracy                           0.90      1792
                   macro avg       0.84      0.76      0.79      1792
                weighted avg       0.90      0.90      0.89      1792

[[  6   0   0   0   0   0   0   3   0   0   0   0   0   0   0   0]
 [  1 205   4   0   1   0   0   0   0  14  16   8   0   0   0   0]
 [  0   7 136   0   0   0   0   0   0   2   5   0   0   0   0   0]
 [  0   2   8  25   0   0   0   0   0   0   3   0   0   0   0   0]
 [  0   1   7   0  57   0   0   5   0   3   6   1   0   0   3   0]
 [  0   0   0   0   0 125   0   0   0   0   0   0   0   0   0   0]
 [  0   0   0   0   0   2   2   1   0   0   0   1   0   0   0   0]
 [  0   0   0   0   0   0   0  78   0   0   0   0   0   0   0   0]
 [  0   0   3   0   0   0   0   0   0   0   0   0   0   0   0   0]
 [  0   2   1   0   0   0   0   0   0 159   4   0   0   0   0   0]
 [  0   1   0   0   0   0   0   0   0   1 419   3   0   3  11   0]
 [  0  15   4   1   0   0   0   0   0   1   6  72   0   0   0   3]
 [  0   0   1   0   0   0   0   0   0   0   0   0  37   0   0   0]
 [  0   3   0   0   0   0   0   0   0   1   1   1   0 213   2   0]
 [  0   6   0   0   0   0   0   0   0   0   0   0   0   0  64   0]
 [  0   0   0   0   0   0   0   0   0   0   0   4   0   1   0  11]]