1.0519846342504025 Test loss (%)
99.58187937736511 Test accuracy (%)

99.5231940879168 Kappa accuracy (%)
99.58188153310104 Overall accuracy (%)
98.57703424413205 Average accuracy (%)

                              precision    recall  f1-score   support

                     Alfalfa       1.00      1.00      1.00        32
                 Corn-notill       1.00      1.00      1.00      1000
                Corn-mintill       1.00      0.99      0.99       581
                        Corn       0.99      1.00      1.00       166
               Grass-pasture       1.00      1.00      1.00       338
                 Grass-trees       1.00      1.00      1.00       511
         Grass-pasture-mowed       1.00      1.00      1.00        20
               Hay-windrowed       1.00      1.00      1.00       335
                        Oats       0.76      0.93      0.84        14
              Soybean-notill       1.00      0.99      0.99       680
             Soybean-mintill       0.99      1.00      1.00      1719
               Soybean-clean       0.98      1.00      0.99       415
                       Wheat       1.00      1.00      1.00       143
                       Woods       1.00      1.00      1.00       886
Buildings-Grass-Trees-Drives       1.00      1.00      1.00       270
          Stone-Steel-Towers       1.00      0.88      0.93        65

                    accuracy                           1.00      7175
                   macro avg       0.98      0.99      0.98      7175
                weighted avg       1.00      1.00      1.00      7175

[[  32    0    0    0    0    0    0    0    0    0    0    0    0    0
     0    0]
 [   0  996    0    0    0    0    0    0    0    1    3    0    0    0
     0    0]
 [   0    0  576    1    0    0    0    0    4    0    0    0    0    0
     0    0]
 [   0    0    0  166    0    0    0    0    0    0    0    0    0    0
     0    0]
 [   0    0    0    0  337    0    0    0    0    0    1    0    0    0
     0    0]
 [   0    0    0    0    0  509    0    0    0    0    2    0    0    0
     0    0]
 [   0    0    0    0    0    0   20    0    0    0    0    0    0    0
     0    0]
 [   0    0    0    0    0    0    0  335    0    0    0    0    0    0
     0    0]
 [   0    0    1    0    0    0    0    0   13    0    0    0    0    0
     0    0]
 [   0    2    0    0    0    0    0    0    0  674    4    0    0    0
     0    0]
 [   0    2    0    0    0    0    0    0    0    0 1717    0    0    0
     0    0]
 [   0    0    0    0    0    0    0    0    0    0    0  415    0    0
     0    0]
 [   0    0    0    0    0    0    0    0    0    0    0    0  143    0
     0    0]
 [   0    0    0    0    0    0    0    0    0    0    0    0    0  886
     0    0]
 [   0    0    1    0    0    0    0    0    0    0    0    0    0    0
   269    0]
 [   0    0    0    0    0    0    0    0    0    0    0    8    0    0
     0   57]]